999 400
967
426
587
984
992
181
720
507
74
65
731
387
537
81
241
547
258
845
906
3
330
238
41
5
142
50
204
911
498
222
466
707
708
843
557
675
933
596
812
210
339
894
7
670
700
34
828
597
40
990
99
130
629
867
259
315
215
180
552
386
927
6
25
897
186
214
646
71
240
842
584
289
486
131
481
948
524
100
273
288
419
666
418
472
159
540
885
474
362
748
83
494
529
299
128
150
788
31
689
327
19
430
409
374
805
719
721
668
440
460
622
542
624
4
85
196
664
57
21
773
33
847
512
141
337
274
531
422
207
487
492
618
495
483
58
938
681
195
271
800
462
401
611
105
155
331
60
10
478
568
132
521
355
147
614
674
753
312
318
425
810
406
211
918
741
397
619
475
123
655
564
858
313
604
321
851
70
517
120
968
388
888
695
306
649
61
827
635
804
944
501
158
877
637
140
245
679
257
347
623
13
43
548
417
212
295
769
294
732
772
349
20
667
991
382
914
66
55
585
122
116
605
323
602
606
226
725
736
134
829
904
283
420
206
392
319
985
592
135
351
900
582
511
143
672
239
424
461
762
816
334
974
106
69
893
966
371
806
709
887
899
335
358
383
625
578
617
296
784
586
830
267
837
891
536
489
575
78
506
154
982
987
450
756
322
286
163
473
724
18
126
591
663
713
300
398
735
737
348
676
170
757
782
545
802
934
691
138
912
250
121
821
712
576
644
190
610
946
902
825
482
104
509
234
220
908
754
683
729
26
457
442
178
261
175
416
80
892
91
189
433
826
997
803
764
853
962
580
555
438
63
581
876
941
470
30
187
90
139
344
242
680
305
710
570
467
936
931
543
364
174
173
613
878
202
993
514
765
660
645
224
817
439
579
508
160
421
360
590
367
136
595
643
188
839
324
265
833
977
871
