4 4
1 1 1 1
1 0 0 1
1 0 0 1
1 1 1 2
9 10
0 0 0 0 1 1 0 0 0
0 0 1 1 0 0 0 1 0
0 0 0 0 0 0 0 0 0
0 0 0 0 0 0 0 0 0
1 0 1 0 2 0 0 1 0
0 0 0 0 0 0 0 0 0
0 0 0 1 0 1 0 1 0
0 0 0 0 1 0 0 1 0
0 0 0 0 0 0 0 0 0
1 0 0 1 0 0 0 1 0
10 10
1 1 0 1 0 0 1 0 0 1
0 0 0 0 0 0 0 0 0 0
1 0 0 2 0 0 1 0 0 1
0 0 0 0 0 0 0 0 0 0
0 0 0 0 0 0 0 0 0 0
1 1 0 1 0 0 1 0 0 1
0 0 0 0 0 0 0 0 0 0
1 1 0 1 0 0 1 0 0 1
0 0 0 0 0 0 0 0 0 0
0 1 0 1 0 0 1 0 0 1
10 10
1 0 1 1 0 0 1 0 0 1
0 0 0 0 0 0 0 0 0 0
1 0 1 1 0 0 1 0 0 1
0 0 0 0 0 0 0 0 0 0
0 0 0 0 0 0 0 0 0 0
1 0 1 1 0 0 1 0 0 1
0 0 0 0 0 0 0 0 0 0
1 0 1 1 0 0 1 0 0 1
0 0 0 0 0 0 0 0 0 0
2 0 0 0 0 0 1 0 0 1
10 10
1 0 1 0 1 0 1 0 0 1
0 0 0 0 0 0 0 0 0 0
1 0 2 0 1 0 1 0 0 1
0 0 0 0 0 0 0 0 0 0
1 0 1 0 1 0 1 0 0 1
0 0 0 0 0 0 0 0 0 0
1 0 1 0 1 0 0 0 0 1
0 0 0 0 0 0 0 0 0 0
0 0 0 0 0 0 0 0 0 0
1 0 1 0 1 0 1 0 0 1
0 0
